0.31632653 0.00000000 0.09948981
0.31632653 0.00000000 0.62445051
0.31632653 0.00000000 0.00820256
0.31632653 0.00000000 0.53316326
0.31632653 0.68010207 0.63265307
0.31632653 0.68010207 0.00000000
0.31632653 0.67936714 0.08341837
0.31632653 0.67936714 0.54923470
0.31632653 0.68367347 0.06734695
0.31632653 0.68367347 0.62908163
0.31632653 0.68367347 0.00357144
0.31632653 0.68367347 0.56530612
0.31632653 0.03061225 0.63265307
0.31632653 0.03061225 0.00000000
0.31632653 0.66760205 0.53746958
0.31632653 0.66760205 0.09518348
0.31632653 0.65153059 0.09948981
0.31632653 0.65153059 0.53316326
0.09517532 0.68367347 0.09517532
0.09517532 0.68367347 0.53747775
0.53747775 0.68367347 0.09517532
0.53747775 0.68367347 0.53747775
0.51803093 0.67936714 0.43278062
0.51803093 0.67936714 0.19987245
0.47448980 0.68010207 0.04237969
0.47448980 0.68010207 0.59027338
0.47448980 0.03061225 0.04237969
0.47448980 0.03061225 0.59027338
0.53746958 0.66760205 0.31632653
0.25604546 0.67936714 0.54129858
0.25604546 0.67936714 0.09135449
0.58718041 0.68367347 0.15994899
0.58718041 0.68367347 0.47270408
0.39819787 0.68010207 0.01077857
0.39819787 0.68010207 0.62187450
0.39819787 0.03061225 0.01077857
0.39819787 0.03061225 0.62187450
0.20790817 0.00000000 0.12854041
0.20790817 0.00000000 0.50411265
0.20790817 0.65153059 0.12854041
0.20790817 0.65153059 0.50411265
0.47269827 0.66760205 0.47269827
0.47269827 0.66760205 0.15995479
0.12481102 0.66760205 0.20575501
0.12481102 0.66760205 0.42689806
0.49238165 0.68367347 0.49238165
0.49238165 0.68367347 0.14027142
0.37356256 0.66760205 0.52993428
0.37356256 0.66760205 0.10271878
0.09845001 0.00000000 0.09845001
0.09845001 0.00000000 0.53420306
0.19183674 0.68367347 0.53194919
0.19183674 0.68367347 0.10070388
0.63265307 0.68010207 0.31632653
0.63265307 0.03061225 0.31632653
0.52993428 0.66760205 0.37356256
0.52993428 0.66760205 0.25909050
0.09948981 0.00000000 0.31632653
0.09948981 0.65153059 0.31632653
0.54129858 0.67936714 0.25604546
0.54129858 0.67936714 0.37660760
0.23657817 0.00000000 0.01870164
0.23657817 0.00000000 0.61395143
0.48101745 0.67936714 0.48101745
0.48101745 0.67936714 0.15163562
0.08341837 0.67936714 0.31632653
0.47038857 0.00000000 0.58316970
0.47038857 0.00000000 0.04948337
0.06734695 0.68367347 0.31632653
0.15994899 0.68367347 0.58718041
0.15994899 0.68367347 0.04547265
0.58316970 0.00000000 0.47038857
0.58316970 0.00000000 0.16226450
0.39727351 0.68367347 0.61842479
0.39727351 0.68367347 0.01422827
0.46965327 0.00000000 0.46965327
0.46965327 0.00000000 0.16299980
0.46965327 0.65153059 0.46965327
0.46965327 0.65153059 0.16299980
0.01870164 0.00000000 0.23657817
0.01870164 0.00000000 0.39607490
0.12854041 0.00000000 0.20790817
0.12854041 0.00000000 0.42474490
0.12854041 0.65153059 0.20790817
0.12854041 0.65153059 0.42474490
0.53194919 0.68367347 0.19183674
0.53194919 0.68367347 0.44081633
0.01077857 0.68010207 0.39819787
0.01077857 0.68010207 0.23445520
0.01077857 0.03061225 0.39819787
0.01077857 0.03061225 0.23445520
0.61842479 0.68367347 0.39727351
0.61842479 0.68367347 0.23537956
0.37244801 0.00000000 0.10687837
0.37244801 0.00000000 0.52577470
0.37244801 0.65153059 0.10687837
0.37244801 0.65153059 0.52577470
0.10687837 0.00000000 0.37244801
0.10687837 0.00000000 0.26020506
0.10687837 0.65153059 0.37244801
0.10687837 0.65153059 0.26020506
0.43278062 0.67936714 0.51803093
0.43278062 0.67936714 0.11462214
0.07583072 0.68367347 0.38076720
0.07583072 0.68367347 0.25188587
0.62445051 0.00000000 0.31632653
0.09264990 0.68010207 0.09264990
0.09264990 0.68010207 0.54000316
0.09264990 0.03061225 0.09264990
0.09264990 0.03061225 0.54000316
0.62908163 0.68367347 0.31632653
0.20575501 0.66760205 0.12481102
0.20575501 0.66760205 0.50784205
0.38076720 0.68367347 0.07583072
0.38076720 0.68367347 0.55682234
0.04237969 0.68010207 0.47448980
0.04237969 0.68010207 0.15816327
0.04237969 0.03061225 0.47448980
0.04237969 0.03061225 0.15816327
0.59027338 0.68010207 0.47448980
0.59027338 0.68010207 0.15816327
0.59027338 0.03061225 0.47448980
0.59027338 0.03061225 0.15816327
0.25188587 0.68367347 0.07583072
0.25188587 0.68367347 0.55682234
0.42689806 0.66760205 0.12481102
0.42689806 0.66760205 0.50784205
0.00357144 0.68367347 0.31632653
0.54000316 0.68010207 0.09264990
0.54000316 0.68010207 0.54000316
0.54000316 0.03061225 0.09264990
0.54000316 0.03061225 0.54000316
0.00820256 0.00000000 0.31632653
0.55682234 0.68367347 0.38076720
0.55682234 0.68367347 0.25188587
0.19987245 0.67936714 0.51803093
0.19987245 0.67936714 0.11462214
0.52577470 0.00000000 0.37244801
0.52577470 0.00000000 0.26020506
0.52577470 0.65153059 0.37244801
0.52577470 0.65153059 0.26020506
0.26020506 0.00000000 0.10687837
0.26020506 0.00000000 0.52577470
0.26020506 0.65153059 0.10687837
0.26020506 0.65153059 0.52577470
0.01422827 0.68367347 0.39727351
0.01422827 0.68367347 0.23537956
0.62187450 0.68010207 0.39819787
0.62187450 0.68010207 0.23445520
0.62187450 0.03061225 0.39819787
0.62187450 0.03061225 0.23445520
0.10070388 0.68367347 0.19183674
0.10070388 0.68367347 0.44081633
0.50411265 0.00000000 0.20790817
0.50411265 0.00000000 0.42474490
0.50411265 0.65153059 0.20790817
0.50411265 0.65153059 0.42474490
0.61395143 0.00000000 0.23657817
0.61395143 0.00000000 0.39607490
0.16299980 0.00000000 0.46965327
0.16299980 0.00000000 0.16299980
0.16299980 0.65153059 0.46965327
0.16299980 0.65153059 0.16299980
0.23537956 0.68367347 0.61842479
0.23537956 0.68367347 0.01422827
0.04948337 0.00000000 0.47038857
0.04948337 0.00000000 0.16226450
0.47270408 0.68367347 0.58718041
0.47270408 0.68367347 0.04547265
0.56530612 0.68367347 0.31632653
0.16226450 0.00000000 0.58316970
0.16226450 0.00000000 0.04948337
0.54923470 0.67936714 0.31632653
0.15163562 0.67936714 0.48101745
0.15163562 0.67936714 0.15163562
0.39607490 0.00000000 0.01870164
0.39607490 0.00000000 0.61395143
0.09135449 0.67936714 0.25604546
0.09135449 0.67936714 0.37660760
0.53316326 0.00000000 0.31632653
0.53316326 0.65153059 0.31632653
0.10271878 0.66760205 0.37356256
0.10271878 0.66760205 0.25909050
0.00000000 0.68010207 0.31632653
0.00000000 0.03061225 0.31632653
0.44081633 0.68367347 0.53194919
0.44081633 0.68367347 0.10070388
0.53420306 0.00000000 0.09845001
0.53420306 0.00000000 0.53420306
0.25909050 0.66760205 0.52993428
0.25909050 0.66760205 0.10271878
0.14027142 0.68367347 0.49238165
0.14027142 0.68367347 0.14027142
0.50784205 0.66760205 0.20575501
0.50784205 0.66760205 0.42689806
0.15995479 0.66760205 0.47269827
0.15995479 0.66760205 0.15995479
0.42474490 0.00000000 0.12854041
0.42474490 0.00000000 0.50411265
0.42474490 0.65153059 0.12854041
0.42474490 0.65153059 0.50411265
0.23445520 0.68010207 0.01077857
0.23445520 0.68010207 0.62187450
0.23445520 0.03061225 0.01077857
0.23445520 0.03061225 0.62187450
0.04547265 0.68367347 0.15994899
0.04547265 0.68367347 0.47270408
0.37660760 0.67936714 0.54129858
0.37660760 0.67936714 0.09135449
0.09518348 0.66760205 0.31632653
0.15816327 0.68010207 0.04237969
0.15816327 0.68010207 0.59027338
0.15816327 0.03061225 0.04237969
0.15816327 0.03061225 0.59027338
0.11462214 0.67936714 0.43278062
0.11462214 0.67936714 0.19987245
